[0 0 0 0 0 0 0 0 0 0 0 0 0 0 0 0 0 0 0 0 0 0 0 0 0 0 0 0 0 0 0 0][ 0  0  0 12  0  0  0  0  0  0 12  0  0  0 12  0  0  0  0  0  0  0  0  0  0
  0  0  0  0  0  0  0][ 0  0  0 12 12 12  0  0  0 12 12  4  0  4 12  0  0  0 12  0  0  0  0  0  0
  0  0  0  0  0  0  0][ 0  0  0  0 12 12 12  4  0 12 12 12  4 12 12  0  4 12 12  0  0  0  0  0  0
  0  0  0  0  0  0  0][ 0  0  0  0  0 12 12 12 12 12 12 12 12 12 12  4 12 12 12  0  0  0  0  0  0
  0  0  0  0  0  0  0][ 0  0  0  4  0  0 12 12 12 12 12 12 12 12 12 12 12 12  0  0  0  0  0  0  0
  0  0  0  0  0  0  0][ 0  0  0 12 12 12 12 12 12 12 12 12 12 12 12 12 12  6  0  0  0  0  0  0  0
  0  0  0  0  0  0  0][ 0  0 12 12 12 12 12 12 12 12 12 12 12 12 12 12 12 14 14 14  0  0  0  0  0
  0  0  0  0  0  0  0][ 0  0  0  0  0  4 12 12 12 12 12 12 12 12 12 14 14 14 14 14  0  0  0  0  0
  0  0  0  0  0  0  0][ 0  0  0  4 12 12 12 12 12 12 12 14 14 14 14 14  1  0  7  0  7  0  0  0  0
  0  0  0  0  0  0  0][ 0  0  0 12 12 12 12 12 12 12  0  0  0  0  0  0  7  3 15  0 11  3  0  0  0
  0  0  0  0  0  0  0][ 0  0  0  0  0 12 12 12 12 12 12 14 14 14 14  0  7  8  8  0  8  3  0  0  0
  0  0  0  0  0  0  0][ 0  0  0  0  0  0  4 12 12 12 12 14 14 14 14  0  8  3  0  8  0  6  0  0  0
  0  0  0  0  0  0  0][ 0  0  0 12 12 12 12 12 12 12 12 12 14 14 14 14  0  0  7 14 14 14 14  0  0
  0  0  0  0  0  0  0][ 0  0  0  0  4 12 12 12 12 12 12 14 14 14 14 14 14 14 14 14 14 14 14  0  0
  0  0  0  0  0  0  0][ 0  0  0  0  0  4 12 12 12 12 12  6 14 14 14 14 14 14 14  6 14 14 14 14  0
  0  0  0  0  0  0  0][ 0  0  0  0  0  0  0  0 12 12 12  6 14 14 14 14 14 14 14 14  6  6 14 14  0
  0  0  0  0  0  0  0][ 0  0  0  0  0  0  0  0  4 12  0  6 14 14 14 14 14 14 14 14 14 14 14 14 14
  0  0  0  0  0  0  0][ 0  0  0  0  0  0  0  0  0  0  0  6  6  6 14 14 14 14 14 14 14 14  6 14 14
  0  0  0  0  0  0  0][ 0  0  0  0  0  0  0  0  0  0  0  7  6  6 14 14 14 14  6 14 14 14  6 14 14
  0  0  0  0  0  0  0][ 0  0  0  0  0  0  0  0  0  0  0  0  7  6 14 14 14 14 14  6  6 14  6 14 14
  0  0  0  0  0  0  0][ 0  0  0  0  0  0  0  0  8  8 15 15 15 14  6 14 14 14 14 14  6  6 14 14 14
  0  0  0  0  0  0  0][ 0  0  0  0  0  0 15 15 15 15 15 15 15  2  7  6 14 14 14 14 14 14 14 14 14
  0  0  0  0  0  0  0][ 0  0  0  0  0  7 15 15 15 15 15 15 15  2 15 15  6  7 14 14 14 14 14 14  0
  0  0  0  0  0  0  0][ 0  0  0  0  7  8 15 15 15 15 15 15  2  2 15 15 15 15  6 14 14 14 14  0  0
  0  0  0  0  0  0  0][ 0  0  0  7  7 14 15 15  7 15 15 15  2  2  2 15 15 15  0  0  0  0  0  0  0
  0  0  0  0  0  0  0][ 0  0  7  8 14 14 14  0  0 15 15 15  2 10  2 15 15 15  7  0  0  0  0  0  0
  0  0  0  0  0  0  0][ 0  0  7 14 14 14  0  0  0 15 15 15  2 10  2 15 15 15  7  0  0  0  0  0  0
  0  0  0  0  0  0  0][ 0  0 14 14 14  7  0  0  0 15 15 15  2 10  2 15 15 15  7  0  0  0  0  0  0
  0  0  0  0  0  0  0][ 0  0 14 14 14 14  7  0  0 15 15 15  2 10  2 15 15 15  7  0  0  0  0  0  0
  0  0  0  0  0  0  0][ 0  0  7  7 14 14 14  7  0 15 15 15  2 10  2 15 15 15  7  0  0  0  0  0  0
  0  0  0  0  0  0  0][0 0 0 0 0 0 0 0 0 0 0 0 0 0 0 0 0 0 0 0 0 0 0 0 0 0 0 0 0 0 0 0]